-1.028288153145061751e-01 0.000000000000000000e+00 1.365244761109352112e-02 0.000000000000000000e+00 0.000000000000000000e+00 0.000000000000000000e+00 0.000000000000000000e+00 0.000000000000000000e+00 0.000000000000000000e+00 0.000000000000000000e+00 -3.297175467014312744e-02 0.000000000000000000e+00 5.429517477750778198e-04 -5.841180682182312012e-04 0.000000000000000000e+00 0.000000000000000000e+00 0.000000000000000000e+00 0.000000000000000000e+00 0.000000000000000000e+00 0.000000000000000000e+00 0.000000000000000000e+00 0.000000000000000000e+00 0.000000000000000000e+00 -1.517795026302337646e-04 0.000000000000000000e+00 0.000000000000000000e+00 0.000000000000000000e+00 -8.556748926639556885e-02 0.000000000000000000e+00 0.000000000000000000e+00 -4.501294344663619995e-03 0.000000000000000000e+00 -3.727991133928298950e-04 2.145247161388397217e-02 0.000000000000000000e+00 0.000000000000000000e+00 0.000000000000000000e+00 0.000000000000000000e+00 0.000000000000000000e+00 0.000000000000000000e+00 0.000000000000000000e+00 -1.522004604339599609e-04 0.000000000000000000e+00 0.000000000000000000e+00 -2.663247287273406982e-04 -1.914859749376773834e-02 -1.701225340366363525e-02 -7.907932996749877930e-02 0.000000000000000000e+00 0.000000000000000000e+00 0.000000000000000000e+00 0.000000000000000000e+00 0.000000000000000000e+00 0.000000000000000000e+00 0.000000000000000000e+00
0.000000000000000000e+00 -5.072492195513117474e-02 -1.197610050439834595e-03 0.000000000000000000e+00 0.000000000000000000e+00 0.000000000000000000e+00 0.000000000000000000e+00 0.000000000000000000e+00 0.000000000000000000e+00 9.327027946710586548e-04 0.000000000000000000e+00 0.000000000000000000e+00 -5.610609427094459534e-03 0.000000000000000000e+00 0.000000000000000000e+00 0.000000000000000000e+00 2.742458134889602661e-03 0.000000000000000000e+00 0.000000000000000000e+00 0.000000000000000000e+00 -6.024911999702453613e-05 -9.771788120269775391e-02 0.000000000000000000e+00 0.000000000000000000e+00 0.000000000000000000e+00 -4.003755748271942139e-04 0.000000000000000000e+00 -2.314504235982894897e-04 0.000000000000000000e+00 1.060028001666069031e-02 0.000000000000000000e+00 0.000000000000000000e+00 -1.587940752506256104e-02 4.304200410842895508e-05 0.000000000000000000e+00 2.266189083456993103e-03 0.000000000000000000e+00 -3.145096823573112488e-02 0.000000000000000000e+00 0.000000000000000000e+00 -5.837585777044296265e-04 0.000000000000000000e+00 -5.189761519432067871e-02 0.000000000000000000e+00 -3.563401103019714355e-02 -2.901548519730567932e-03 0.000000000000000000e+00 0.000000000000000000e+00 0.000000000000000000e+00 1.441368460655212402e-02 -2.064161002635955811e-03 -2.885535359382629395e-04 0.000000000000000000e+00 0.000000000000000000e+00 0.000000000000000000e+00
1.365244761109352112e-02 -1.197610050439834595e-03 -1.214922922676311690e-01 0.000000000000000000e+00 0.000000000000000000e+00 0.000000000000000000e+00 0.000000000000000000e+00 0.000000000000000000e+00 2.650234848260879517e-03 0.000000000000000000e+00 -1.657158136367797852e-04 0.000000000000000000e+00 0.000000000000000000e+00 1.065806746482849121e-01 0.000000000000000000e+00 0.000000000000000000e+00 0.000000000000000000e+00 0.000000000000000000e+00 0.000000000000000000e+00 0.000000000000000000e+00 0.000000000000000000e+00 0.000000000000000000e+00 0.000000000000000000e+00 0.000000000000000000e+00 0.000000000000000000e+00 0.000000000000000000e+00 0.000000000000000000e+00 -1.150108873844146729e-02 0.000000000000000000e+00 -1.010484993457794189e-04 -2.019396051764488220e-02 5.683116614818572998e-05 -2.163517288863658905e-02 0.000000000000000000e+00 0.000000000000000000e+00 0.000000000000000000e+00 0.000000000000000000e+00 0.000000000000000000e+00 0.000000000000000000e+00 0.000000000000000000e+00 5.294643342494964600e-04 -1.385547220706939697e-04 0.000000000000000000e+00 0.000000000000000000e+00 0.000000000000000000e+00 -8.098670840263366699e-02 0.000000000000000000e+00 0.000000000000000000e+00 0.000000000000000000e+00 1.700632274150848389e-04 0.000000000000000000e+00 0.000000000000000000e+00 0.000000000000000000e+00 0.000000000000000000e+00 0.000000000000000000e+00
0.000000000000000000e+00 0.000000000000000000e+00 0.000000000000000000e+00 -1.801323133013117694e-02 0.000000000000000000e+00 0.000000000000000000e+00 0.000000000000000000e+00 0.000000000000000000e+00 0.000000000000000000e+00 0.000000000000000000e+00 0.000000000000000000e+00 3.535252064466476440e-03 0.000000000000000000e+00 0.000000000000000000e+00 0.000000000000000000e+00 0.000000000000000000e+00 -5.797110497951507568e-04 0.000000000000000000e+00 0.000000000000000000e+00 0.000000000000000000e+00 -2.234106883406639099e-03 0.000000000000000000e+00 0.000000000000000000e+00 0.000000000000000000e+00 0.000000000000000000e+00 0.000000000000000000e+00 0.000000000000000000e+00 0.000000000000000000e+00 -4.129912704229354858e-04 0.000000000000000000e+00 0.000000000000000000e+00 0.000000000000000000e+00 0.000000000000000000e+00 0.000000000000000000e+00 0.000000000000000000e+00 0.000000000000000000e+00 0.000000000000000000e+00 0.000000000000000000e+00 0.000000000000000000e+00 0.000000000000000000e+00 0.000000000000000000e+00 0.000000000000000000e+00 0.000000000000000000e+00 8.961036801338195801e-04 0.000000000000000000e+00 0.000000000000000000e+00 0.000000000000000000e+00 0.000000000000000000e+00 1.215748488903045654e-04 0.000000000000000000e+00 0.000000000000000000e+00 0.000000000000000000e+00 -5.147466436028480530e-03 0.000000000000000000e+00 0.000000000000000000e+00
0.000000000000000000e+00 0.000000000000000000e+00 0.000000000000000000e+00 0.000000000000000000e+00 -1.162292727363811728e-01 0.000000000000000000e+00 -2.901554107666015625e-04 1.483958587050437927e-02 0.000000000000000000e+00 0.000000000000000000e+00 2.359073609113693237e-03 0.000000000000000000e+00 0.000000000000000000e+00 -1.010280102491378784e-04 2.770626917481422424e-03 0.000000000000000000e+00 0.000000000000000000e+00 0.000000000000000000e+00 0.000000000000000000e+00 1.269348859786987305e-01 0.000000000000000000e+00 0.000000000000000000e+00 -6.011329591274261475e-03 2.097049728035926819e-03 0.000000000000000000e+00 0.000000000000000000e+00 0.000000000000000000e+00 0.000000000000000000e+00 0.000000000000000000e+00 0.000000000000000000e+00 -2.291053533554077148e-04 0.000000000000000000e+00 0.000000000000000000e+00 1.063309609889984131e-04 -8.238293230533599854e-05 0.000000000000000000e+00 0.000000000000000000e+00 0.000000000000000000e+00 0.000000000000000000e+00 1.880452036857604980e-04 0.000000000000000000e+00 -1.295965164899826050e-03 0.000000000000000000e+00 0.000000000000000000e+00 2.160668373107910156e-06 0.000000000000000000e+00 0.000000000000000000e+00 -2.661626785993576050e-04 0.000000000000000000e+00 0.000000000000000000e+00 0.000000000000000000e+00 0.000000000000000000e+00 0.000000000000000000e+00 0.000000000000000000e+00 0.000000000000000000e+00
0.000000000000000000e+00 0.000000000000000000e+00 0.000000000000000000e+00 0.000000000000000000e+00 0.000000000000000000e+00 -6.525895281450617980e-02 0.000000000000000000e+00 -5.671177059412002563e-04 0.000000000000000000e+00 9.989906102418899536e-04 0.000000000000000000e+00 0.000000000000000000e+00 0.000000000000000000e+00 0.000000000000000000e+00 0.000000000000000000e+00 0.000000000000000000e+00 0.000000000000000000e+00 1.510238200426101685e-01 0.000000000000000000e+00 0.000000000000000000e+00 0.000000000000000000e+00 0.000000000000000000e+00 0.000000000000000000e+00 -9.115826338529586792e-03 -2.625286579132080078e-04 -1.000817120075225830e-02 -2.614896185696125031e-02 0.000000000000000000e+00 0.000000000000000000e+00 0.000000000000000000e+00 0.000000000000000000e+00 0.000000000000000000e+00 0.000000000000000000e+00 -2.987440675497055054e-04 0.000000000000000000e+00 0.000000000000000000e+00 0.000000000000000000e+00 0.000000000000000000e+00 0.000000000000000000e+00 0.000000000000000000e+00 0.000000000000000000e+00 0.000000000000000000e+00 0.000000000000000000e+00 0.000000000000000000e+00 0.000000000000000000e+00 0.000000000000000000e+00 0.000000000000000000e+00 -2.863071858882904053e-05 0.000000000000000000e+00 0.000000000000000000e+00 0.000000000000000000e+00 0.000000000000000000e+00 0.000000000000000000e+00 4.522744566202163696e-03 -2.716705203056335449e-04
0.000000000000000000e+00 0.000000000000000000e+00 0.000000000000000000e+00 0.000000000000000000e+00 -2.901554107666015625e-04 0.000000000000000000e+00 -1.087800758613811647e-01 0.000000000000000000e+00 0.000000000000000000e+00 0.000000000000000000e+00 0.000000000000000000e+00 0.000000000000000000e+00 0.000000000000000000e+00 1.636613160371780396e-04 1.070834696292877197e-05 2.260040491819381714e-03 -1.477255206555128098e-02 0.000000000000000000e+00 -1.390168536454439163e-02 -5.233246833086013794e-03 0.000000000000000000e+00 0.000000000000000000e+00 7.385420799255371094e-02 0.000000000000000000e+00 0.000000000000000000e+00 0.000000000000000000e+00 0.000000000000000000e+00 0.000000000000000000e+00 -3.309717029333114624e-02 0.000000000000000000e+00 0.000000000000000000e+00 1.189604401588439941e-03 0.000000000000000000e+00 0.000000000000000000e+00 5.130053684115409851e-02 0.000000000000000000e+00 -6.168149784207344055e-02 0.000000000000000000e+00 -8.289431035518646240e-02 -2.803100273013114929e-03 0.000000000000000000e+00 -1.601025015115737915e-01 0.000000000000000000e+00 0.000000000000000000e+00 -6.718028336763381958e-03 2.726279199123382568e-04 0.000000000000000000e+00 0.000000000000000000e+00 9.964965283870697021e-05 1.265211030840873718e-02 0.000000000000000000e+00 3.451853990554809570e-04 4.036998376250267029e-02 0.000000000000000000e+00 0.000000000000000000e+00
0.000000000000000000e+00 0.000000000000000000e+00 0.000000000000000000e+00 0.000000000000000000e+00 1.483958587050437927e-02 -5.671177059412002563e-04 0.000000000000000000e+00 -3.667670828325617777e-02 0.000000000000000000e+00 0.000000000000000000e+00 2.243667840957641602e-04 0.000000000000000000e+00 0.000000000000000000e+00 0.000000000000000000e+00 0.000000000000000000e+00 -6.344430148601531982e-04 0.000000000000000000e+00 0.000000000000000000e+00 0.000000000000000000e+00 -1.912791281938552856e-03 0.000000000000000000e+00 0.000000000000000000e+00 3.414180129766464233e-03 -3.607050329446792603e-02 1.251345425844192505e-01 -4.410987719893455505e-03 0.000000000000000000e+00 0.000000000000000000e+00 0.000000000000000000e+00 0.000000000000000000e+00 0.000000000000000000e+00 0.000000000000000000e+00 0.000000000000000000e+00 0.000000000000000000e+00 0.000000000000000000e+00 0.000000000000000000e+00 3.041569143533706665e-04 0.000000000000000000e+00 0.000000000000000000e+00 4.645925015211105347e-03 0.000000000000000000e+00 0.000000000000000000e+00 0.000000000000000000e+00 0.000000000000000000e+00 0.000000000000000000e+00 0.000000000000000000e+00 0.000000000000000000e+00 0.000000000000000000e+00 0.000000000000000000e+00 0.000000000000000000e+00 0.000000000000000000e+00 0.000000000000000000e+00 0.000000000000000000e+00 -7.770173251628875732e-04 0.000000000000000000e+00
0.000000000000000000e+00 0.000000000000000000e+00 2.650234848260879517e-03 0.000000000000000000e+00 0.000000000000000000e+00 0.000000000000000000e+00 0.000000000000000000e+00 0.000000000000000000e+00 -1.136382477363811760e-01 0.000000000000000000e+00 0.000000000000000000e+00 0.000000000000000000e+00 0.000000000000000000e+00 -4.415590316057205200e-03 0.000000000000000000e+00 0.000000000000000000e+00 1.524388790130615234e-05 0.000000000000000000e+00 0.000000000000000000e+00 0.000000000000000000e+00 0.000000000000000000e+00 0.000000000000000000e+00 0.000000000000000000e+00 0.000000000000000000e+00 0.000000000000000000e+00 0.000000000000000000e+00 0.000000000000000000e+00 0.000000000000000000e+00 0.000000000000000000e+00 0.000000000000000000e+00 0.000000000000000000e+00 -5.921046435832977295e-02 2.425078302621841431e-03 0.000000000000000000e+00 0.000000000000000000e+00 0.000000000000000000e+00 0.000000000000000000e+00 0.000000000000000000e+00 0.000000000000000000e+00 0.000000000000000000e+00 -3.165991231799125671e-02 -7.966402918100357056e-04 0.000000000000000000e+00 0.000000000000000000e+00 0.000000000000000000e+00 -6.361147388815879822e-03 0.000000000000000000e+00 0.000000000000000000e+00 0.000000000000000000e+00 9.481060504913330078e-02 2.670064568519592285e-04 -4.430748522281646729e-02 0.000000000000000000e+00 0.000000000000000000e+00 0.000000000000000000e+00
0.000000000000000000e+00 9.327027946710586548e-04 0.000000000000000000e+00 0.000000000000000000e+00 0.000000000000000000e+00 9.989906102418899536e-04 0.000000000000000000e+00 0.000000000000000000e+00 0.000000000000000000e+00 -1.517344121895061737e-01 0.000000000000000000e+00 0.000000000000000000e+00 1.946156919002532959e-01 0.000000000000000000e+00 0.000000000000000000e+00 0.000000000000000000e+00 0.000000000000000000e+00 -3.511513769626617432e-02 0.000000000000000000e+00 0.000000000000000000e+00 -7.601883262395858765e-04 0.000000000000000000e+00 0.000000000000000000e+00 -1.181494444608688354e-04 0.000000000000000000e+00 -8.773840963840484619e-03 7.217880338430404663e-03 0.000000000000000000e+00 0.000000000000000000e+00 0.000000000000000000e+00 0.000000000000000000e+00 0.000000000000000000e+00 0.000000000000000000e+00 -3.306692466139793396e-02 0.000000000000000000e+00 0.000000000000000000e+00 0.000000000000000000e+00 8.432522416114807129e-03 0.000000000000000000e+00 0.000000000000000000e+00 0.000000000000000000e+00 0.000000000000000000e+00 -1.748043298721313477e-01 0.000000000000000000e+00 1.212898641824722290e-04 0.000000000000000000e+00 2.493150532245635986e-05 -1.988150179386138916e-04 0.000000000000000000e+00 0.000000000000000000e+00 0.000000000000000000e+00 0.000000000000000000e+00 0.000000000000000000e+00 2.471189945936203003e-04 -5.180113390088081360e-02
-3.297175467014312744e-02 0.000000000000000000e+00 -1.657158136367797852e-04 0.000000000000000000e+00 2.359073609113693237e-03 0.000000000000000000e+00 0.000000000000000000e+00 2.243667840957641602e-04 0.000000000000000000e+00 0.000000000000000000e+00 -3.339744226763117357e-02 0.000000000000000000e+00 0.000000000000000000e+00 -2.471288666129112244e-03 8.225191384553909302e-03 0.000000000000000000e+00 0.000000000000000000e+00 0.000000000000000000e+00 0.000000000000000000e+00 -1.879632472991943359e-04 0.000000000000000000e+00 0.000000000000000000e+00 -4.862399771809577942e-03 2.404795959591865540e-02 0.000000000000000000e+00 -1.112427562475204468e-03 0.000000000000000000e+00 8.919462561607360840e-05 0.000000000000000000e+00 0.000000000000000000e+00 -5.446176975965499878e-02 0.000000000000000000e+00 0.000000000000000000e+00 1.623070240020751953e-02 0.000000000000000000e+00 0.000000000000000000e+00 0.000000000000000000e+00 0.000000000000000000e+00 0.000000000000000000e+00 0.000000000000000000e+00 0.000000000000000000e+00 -1.061409711837768555e-02 0.000000000000000000e+00 0.000000000000000000e+00 4.811275750398635864e-03 -3.852778673171997070e-02 -5.962699651718139648e-05 1.568975672125816345e-02 0.000000000000000000e+00 2.210177481174468994e-04 0.000000000000000000e+00 0.000000000000000000e+00 0.000000000000000000e+00 0.000000000000000000e+00 0.000000000000000000e+00
0.000000000000000000e+00 0.000000000000000000e+00 0.000000000000000000e+00 3.535252064466476440e-03 0.000000000000000000e+00 0.000000000000000000e+00 0.000000000000000000e+00 0.000000000000000000e+00 0.000000000000000000e+00 0.000000000000000000e+00 0.000000000000000000e+00 -8.222206961138117665e-02 0.000000000000000000e+00 0.000000000000000000e+00 0.000000000000000000e+00 -4.474742338061332703e-03 1.142174005508422852e-05 0.000000000000000000e+00 0.000000000000000000e+00 0.000000000000000000e+00 4.812293127179145813e-02 0.000000000000000000e+00 0.000000000000000000e+00 0.000000000000000000e+00 -4.897788166999816895e-04 -4.606880247592926025e-05 0.000000000000000000e+00 0.000000000000000000e+00 0.000000000000000000e+00 0.000000000000000000e+00 0.000000000000000000e+00 0.000000000000000000e+00 0.000000000000000000e+00 0.000000000000000000e+00 0.000000000000000000e+00 0.000000000000000000e+00 -2.016481012105941772e-04 0.000000000000000000e+00 0.000000000000000000e+00 -4.917588084936141968e-04 0.000000000000000000e+00 0.000000000000000000e+00 0.000000000000000000e+00 0.000000000000000000e+00 0.000000000000000000e+00 0.000000000000000000e+00 0.000000000000000000e+00 0.000000000000000000e+00 -4.405263811349868774e-02 0.000000000000000000e+00 0.000000000000000000e+00 0.000000000000000000e+00 3.084114566445350647e-02 -2.886596694588661194e-02 0.000000000000000000e+00
5.429517477750778198e-04 -5.610609427094459534e-03 0.000000000000000000e+00 0.000000000000000000e+00 0.000000000000000000e+00 0.000000000000000000e+00 0.000000000000000000e+00 0.000000000000000000e+00 0.000000000000000000e+00 1.946156919002532959e-01 0.000000000000000000e+00 0.000000000000000000e+00 -2.165686023638117505e-02 0.000000000000000000e+00 0.000000000000000000e+00 0.000000000000000000e+00 0.000000000000000000e+00 7.389299571514129639e-05 0.000000000000000000e+00 0.000000000000000000e+00 0.000000000000000000e+00 0.000000000000000000e+00 0.000000000000000000e+00 0.000000000000000000e+00 0.000000000000000000e+00 -7.201172411441802979e-05 -1.652002334594726562e-03 3.685001283884048462e-03 0.000000000000000000e+00 -7.008571177721023560e-03 0.000000000000000000e+00 0.000000000000000000e+00 -2.010352909564971924e-04 3.325645625591278076e-02 0.000000000000000000e+00 0.000000000000000000e+00 0.000000000000000000e+00 -6.049432232975959778e-02 0.000000000000000000e+00 0.000000000000000000e+00 0.000000000000000000e+00 0.000000000000000000e+00 1.404127106070518494e-02 0.000000000000000000e+00 1.407042145729064941e-05 7.705092430114746094e-04 4.877610877156257629e-02 -7.096119225025177002e-04 0.000000000000000000e+00 0.000000000000000000e+00 0.000000000000000000e+00 0.000000000000000000e+00 0.000000000000000000e+00 0.000000000000000000e+00 -2.816691994667053223e-04
-5.841180682182312012e-04 0.000000000000000000e+00 1.065806746482849121e-01 0.000000000000000000e+00 -1.010280102491378784e-04 0.000000000000000000e+00 1.636613160371780396e-04 0.000000000000000000e+00 -4.415590316057205200e-03 0.000000000000000000e+00 -2.471288666129112244e-03 0.000000000000000000e+00 0.000000000000000000e+00 -2.951090476763117490e-02 -4.297464340925216675e-02 0.000000000000000000e+00 0.000000000000000000e+00 0.000000000000000000e+00 0.000000000000000000e+00 -3.223102539777755737e-04 0.000000000000000000e+00 0.000000000000000000e+00 0.000000000000000000e+00 0.000000000000000000e+00 0.000000000000000000e+00 0.000000000000000000e+00 0.000000000000000000e+00 0.000000000000000000e+00 0.000000000000000000e+00 0.000000000000000000e+00 -5.584005638957023621e-02 2.281098440289497375e-02 -5.119368433952331543e-04 0.000000000000000000e+00 0.000000000000000000e+00 0.000000000000000000e+00 0.000000000000000000e+00 0.000000000000000000e+00 0.000000000000000000e+00 0.000000000000000000e+00 0.000000000000000000e+00 1.590341627597808838e-01 0.000000000000000000e+00 0.000000000000000000e+00 -6.327778100967407227e-05 -7.267025113105773926e-02 0.000000000000000000e+00 0.000000000000000000e+00 0.000000000000000000e+00 6.422810256481170654e-03 0.000000000000000000e+00 -7.768459618091583252e-04 0.000000000000000000e+00 0.000000000000000000e+00 0.000000000000000000e+00
0.000000000000000000e+00 0.000000000000000000e+00 0.000000000000000000e+00 0.000000000000000000e+00 2.770626917481422424e-03 0.000000000000000000e+00 1.070834696292877197e-05 0.000000000000000000e+00 0.000000000000000000e+00 0.000000000000000000e+00 8.225191384553909302e-03 0.000000000000000000e+00 0.000000000000000000e+00 -4.297464340925216675e-02 -1.052174164863811656e-01 0.000000000000000000e+00 0.000000000000000000e+00 0.000000000000000000e+00 0.000000000000000000e+00 1.912357285618782043e-02 0.000000000000000000e+00 0.000000000000000000e+00 -5.213860422372817993e-04 0.000000000000000000e+00 0.000000000000000000e+00 0.000000000000000000e+00 0.000000000000000000e+00 0.000000000000000000e+00 0.000000000000000000e+00 0.000000000000000000e+00 5.293499678373336792e-03 5.384162068367004395e-03 0.000000000000000000e+00 0.000000000000000000e+00 2.985615283250808716e-04 0.000000000000000000e+00 0.000000000000000000e+00 0.000000000000000000e+00 0.000000000000000000e+00 0.000000000000000000e+00 0.000000000000000000e+00 7.260142266750335693e-02 0.000000000000000000e+00 0.000000000000000000e+00 0.000000000000000000e+00 -5.312133580446243286e-04 0.000000000000000000e+00 0.000000000000000000e+00 0.000000000000000000e+00 -2.121217548847198486e-04 0.000000000000000000e+00 0.000000000000000000e+00 0.000000000000000000e+00 0.000000000000000000e+00 0.000000000000000000e+00
0.000000000000000000e+00 0.000000000000000000e+00 0.000000000000000000e+00 0.000000000000000000e+00 0.000000000000000000e+00 0.000000000000000000e+00 2.260040491819381714e-03 -6.344430148601531982e-04 0.000000000000000000e+00 0.000000000000000000e+00 0.000000000000000000e+00 -4.474742338061332703e-03 0.000000000000000000e+00 0.000000000000000000e+00 0.000000000000000000e+00 -1.003187598457561669e-01 6.329901516437530518e-04 0.000000000000000000e+00 0.000000000000000000e+00 -1.102387905120849609e-04 -2.377542108297348022e-02 0.000000000000000000e+00 3.456031158566474915e-02 1.424551010131835938e-04 3.572899848222732544e-03 3.271238878369331360e-03 0.000000000000000000e+00 0.000000000000000000e+00 -5.204528570175170898e-04 0.000000000000000000e+00 0.000000000000000000e+00 0.000000000000000000e+00 0.000000000000000000e+00 -4.265010356903076172e-04 0.000000000000000000e+00 0.000000000000000000e+00 -1.581834629178047180e-03 0.000000000000000000e+00 0.000000000000000000e+00 -1.063465625047683716e-01 0.000000000000000000e+00 -2.783015370368957520e-04 1.436993479728698730e-03 0.000000000000000000e+00 1.635326817631721497e-02 0.000000000000000000e+00 0.000000000000000000e+00 0.000000000000000000e+00 2.749583497643470764e-02 0.000000000000000000e+00 0.000000000000000000e+00 0.000000000000000000e+00 3.235587850213050842e-02 1.678155362606048584e-02 0.000000000000000000e+00
0.000000000000000000e+00 2.742458134889602661e-03 0.000000000000000000e+00 -5.797110497951507568e-04 0.000000000000000000e+00 0.000000000000000000e+00 -1.477255206555128098e-02 0.000000000000000000e+00 1.524388790130615234e-05 0.000000000000000000e+00 0.000000000000000000e+00 1.142174005508422852e-05 0.000000000000000000e+00 0.000000000000000000e+00 0.000000000000000000e+00 6.329901516437530518e-04 -3.072544773638117427e-02 0.000000000000000000e+00 0.000000000000000000e+00 0.000000000000000000e+00 -1.895107328891754150e-03 1.649372279644012451e-04 -3.061816096305847168e-04 0.000000000000000000e+00 0.000000000000000000e+00 0.000000000000000000e+00 0.000000000000000000e+00 0.000000000000000000e+00 -2.258648574352264404e-01 0.000000000000000000e+00 0.000000000000000000e+00 0.000000000000000000e+00 -7.170811295509338379e-05 0.000000000000000000e+00 0.000000000000000000e+00 0.000000000000000000e+00 0.000000000000000000e+00 0.000000000000000000e+00 -4.555508494377136230e-04 0.000000000000000000e+00 0.000000000000000000e+00 5.811899900436401367e-04 -1.516336575150489807e-03 8.712645620107650757e-03 1.633899286389350891e-03 1.637805253267288208e-04 0.000000000000000000e+00 0.000000000000000000e+00 0.000000000000000000e+00 4.324723035097122192e-03 2.367543801665306091e-02 3.546315804123878479e-02 -8.749924600124359131e-04 0.000000000000000000e+00 0.000000000000000000e+00
0.000000000000000000e+00 0.000000000000000000e+00 0.000000000000000000e+00 0.000000000000000000e+00 0.000000000000000000e+00 1.510238200426101685e-01 0.000000000000000000e+00 0.000000000000000000e+00 0.000000000000000000e+00 -3.511513769626617432e-02 0.000000000000000000e+00 0.000000000000000000e+00 7.389299571514129639e-05 0.000000000000000000e+00 0.000000000000000000e+00 0.000000000000000000e+00 0.000000000000000000e+00 -9.246471531450617398e-02 0.000000000000000000e+00 0.000000000000000000e+00 0.000000000000000000e+00 0.000000000000000000e+00 0.000000000000000000e+00 -1.014471054077148438e-04 0.000000000000000000e+00 -6.088353693485260010e-04 2.626126632094383240e-02 0.000000000000000000e+00 0.000000000000000000e+00 0.000000000000000000e+00 0.000000000000000000e+00 0.000000000000000000e+00 0.000000000000000000e+00 -1.998785883188247681e-04 0.000000000000000000e+00 0.000000000000000000e+00 0.000000000000000000e+00 0.000000000000000000e+00 0.000000000000000000e+00 0.000000000000000000e+00 0.000000000000000000e+00 0.000000000000000000e+00 -3.947596997022628784e-04 0.000000000000000000e+00 0.000000000000000000e+00 0.000000000000000000e+00 0.000000000000000000e+00 0.000000000000000000e+00 0.000000000000000000e+00 0.000000000000000000e+00 0.000000000000000000e+00 0.000000000000000000e+00 0.000000000000000000e+00 -4.273820668458938599e-04 -1.869256608188152313e-02
0.000000000000000000e+00 0.000000000000000000e+00 0.000000000000000000e+00 0.000000000000000000e+00 0.000000000000000000e+00 0.000000000000000000e+00 -1.390168536454439163e-02 0.000000000000000000e+00 0.000000000000000000e+00 0.000000000000000000e+00 0.000000000000000000e+00 0.000000000000000000e+00 0.000000000000000000e+00 0.000000000000000000e+00 0.000000000000000000e+00 0.000000000000000000e+00 0.000000000000000000e+00 0.000000000000000000e+00 5.386963201118822805e-03 -3.431551158428192139e-05 0.000000000000000000e+00 0.000000000000000000e+00 0.000000000000000000e+00 0.000000000000000000e+00 0.000000000000000000e+00 0.000000000000000000e+00 0.000000000000000000e+00 0.000000000000000000e+00 2.495683357119560242e-02 0.000000000000000000e+00 0.000000000000000000e+00 -9.025260806083679199e-03 0.000000000000000000e+00 0.000000000000000000e+00 5.588812753558158875e-02 0.000000000000000000e+00 -4.442408680915832520e-05 0.000000000000000000e+00 9.614716470241546631e-02 0.000000000000000000e+00 0.000000000000000000e+00 3.207623958587646484e-04 0.000000000000000000e+00 0.000000000000000000e+00 0.000000000000000000e+00 0.000000000000000000e+00 0.000000000000000000e+00 0.000000000000000000e+00 0.000000000000000000e+00 8.910894393920898438e-06 0.000000000000000000e+00 8.622650057077407837e-04 0.000000000000000000e+00 0.000000000000000000e+00 0.000000000000000000e+00
0.000000000000000000e+00 0.000000000000000000e+00 0.000000000000000000e+00 0.000000000000000000e+00 1.269348859786987305e-01 0.000000000000000000e+00 -5.233246833086013794e-03 -1.912791281938552856e-03 0.000000000000000000e+00 0.000000000000000000e+00 -1.879632472991943359e-04 0.000000000000000000e+00 0.000000000000000000e+00 -3.223102539777755737e-04 1.912357285618782043e-02 -1.102387905120849609e-04 0.000000000000000000e+00 0.000000000000000000e+00 -3.431551158428192139e-05 -1.358238992988811678e-01 0.000000000000000000e+00 0.000000000000000000e+00 5.285980179905891418e-02 0.000000000000000000e+00 0.000000000000000000e+00 0.000000000000000000e+00 0.000000000000000000e+00 0.000000000000000000e+00 0.000000000000000000e+00 0.000000000000000000e+00 0.000000000000000000e+00 4.228837788105010986e-04 0.000000000000000000e+00 0.000000000000000000e+00 2.169258892536163330e-01 0.000000000000000000e+00 4.979494959115982056e-03 0.000000000000000000e+00 -2.086758613586425781e-04 1.739093661308288574e-02 0.000000000000000000e+00 1.159252971410751343e-02 0.000000000000000000e+00 0.000000000000000000e+00 -3.156810998916625977e-05 0.000000000000000000e+00 0.000000000000000000e+00 0.000000000000000000e+00 0.000000000000000000e+00 0.000000000000000000e+00 0.000000000000000000e+00 0.000000000000000000e+00 0.000000000000000000e+00 0.000000000000000000e+00 0.000000000000000000e+00
0.000000000000000000e+00 -6.024911999702453613e-05 0.000000000000000000e+00 -2.234106883406639099e-03 0.000000000000000000e+00 0.000000000000000000e+00 0.000000000000000000e+00 0.000000000000000000e+00 0.000000000000000000e+00 -7.601883262395858765e-04 0.000000000000000000e+00 4.812293127179145813e-02 0.000000000000000000e+00 0.000000000000000000e+00 0.000000000000000000e+00 -2.377542108297348022e-02 -1.895107328891754150e-03 0.000000000000000000e+00 0.000000000000000000e+00 0.000000000000000000e+00 -4.700032351763117067e-02 9.202584624290466309e-05 -4.276074469089508057e-05 0.000000000000000000e+00 -2.221614122390747070e-04 -1.167891919612884521e-02 0.000000000000000000e+00 0.000000000000000000e+00 0.000000000000000000e+00 0.000000000000000000e+00 0.000000000000000000e+00 0.000000000000000000e+00 0.000000000000000000e+00 0.000000000000000000e+00 0.000000000000000000e+00 0.000000000000000000e+00 0.000000000000000000e+00 0.000000000000000000e+00 0.000000000000000000e+00 0.000000000000000000e+00 0.000000000000000000e+00 0.000000000000000000e+00 7.690677046775817871e-02 0.000000000000000000e+00 3.558024764060974121e-03 0.000000000000000000e+00 0.000000000000000000e+00 0.000000000000000000e+00 1.126509159803390503e-03 0.000000000000000000e+00 0.000000000000000000e+00 0.000000000000000000e+00 3.865100443363189697e-03 -1.318066865205764771e-01 -7.966086268424987793e-04
0.000000000000000000e+00 -9.771788120269775391e-02 0.000000000000000000e+00 0.000000000000000000e+00 0.000000000000000000e+00 0.000000000000000000e+00 0.000000000000000000e+00 0.000000000000000000e+00 0.000000000000000000e+00 0.000000000000000000e+00 0.000000000000000000e+00 0.000000000000000000e+00 0.000000000000000000e+00 0.000000000000000000e+00 0.000000000000000000e+00 0.000000000000000000e+00 1.649372279644012451e-04 0.000000000000000000e+00 0.000000000000000000e+00 0.000000000000000000e+00 9.202584624290466309e-05 -4.764807976763117681e-02 0.000000000000000000e+00 0.000000000000000000e+00 0.000000000000000000e+00 0.000000000000000000e+00 0.000000000000000000e+00 0.000000000000000000e+00 0.000000000000000000e+00 -1.978574320673942566e-03 0.000000000000000000e+00 0.000000000000000000e+00 -5.937833338975906372e-04 0.000000000000000000e+00 0.000000000000000000e+00 -6.234869360923767090e-03 0.000000000000000000e+00 1.821854338049888611e-02 0.000000000000000000e+00 0.000000000000000000e+00 1.896657049655914307e-04 0.000000000000000000e+00 -2.284036949276924133e-03 9.084120392799377441e-06 4.294142127037048340e-05 0.000000000000000000e+00 0.000000000000000000e+00 0.000000000000000000e+00 0.000000000000000000e+00 0.000000000000000000e+00 -1.289982348680496216e-03 0.000000000000000000e+00 0.000000000000000000e+00 0.000000000000000000e+00 0.000000000000000000e+00
0.000000000000000000e+00 0.000000000000000000e+00 0.000000000000000000e+00 0.000000000000000000e+00 -6.011329591274261475e-03 0.000000000000000000e+00 7.385420799255371094e-02 3.414180129766464233e-03 0.000000000000000000e+00 0.000000000000000000e+00 -4.862399771809577942e-03 0.000000000000000000e+00 0.000000000000000000e+00 0.000000000000000000e+00 -5.213860422372817993e-04 3.456031158566474915e-02 -3.061816096305847168e-04 0.000000000000000000e+00 0.000000000000000000e+00 5.285980179905891418e-02 -4.276074469089508057e-05 0.000000000000000000e+00 -2.279672258613811564e-01 -1.235673762857913971e-02 -1.184269785881042480e-04 2.460117265582084656e-02 0.000000000000000000e+00 0.000000000000000000e+00 -1.315325498580932617e-04 0.000000000000000000e+00 0.000000000000000000e+00 0.000000000000000000e+00 0.000000000000000000e+00 -2.466123551130294800e-03 -2.745725214481353760e-04 0.000000000000000000e+00 -7.464364171028137207e-04 0.000000000000000000e+00 0.000000000000000000e+00 -1.138575188815593719e-02 0.000000000000000000e+00 1.107725128531455994e-02 -2.037342637777328491e-04 0.000000000000000000e+00 8.814829587936401367e-02 1.183748245239257812e-04 0.000000000000000000e+00 0.000000000000000000e+00 -3.337524831295013428e-04 -1.710772514343261719e-03 0.000000000000000000e+00 0.000000000000000000e+00 -6.038285791873931885e-04 2.663452178239822388e-04 0.000000000000000000e+00
-1.517795026302337646e-04 0.000000000000000000e+00 0.000000000000000000e+00 0.000000000000000000e+00 2.097049728035926819e-03 -9.115826338529586792e-03 0.000000000000000000e+00 -3.607050329446792603e-02 0.000000000000000000e+00 -1.181494444608688354e-04 2.404795959591865540e-02 0.000000000000000000e+00 0.000000000000000000e+00 0.000000000000000000e+00 0.000000000000000000e+00 1.424551010131835938e-04 0.000000000000000000e+00 -1.014471054077148438e-04 0.000000000000000000e+00 0.000000000000000000e+00 0.000000000000000000e+00 0.000000000000000000e+00 -1.235673762857913971e-02 -5.185849539263117508e-02 1.056935638189315796e-03 8.150050044059753418e-02 -5.325820297002792358e-03 0.000000000000000000e+00 0.000000000000000000e+00 0.000000000000000000e+00 0.000000000000000000e+00 0.000000000000000000e+00 0.000000000000000000e+00 -4.001010954380035400e-02 0.000000000000000000e+00 0.000000000000000000e+00 0.000000000000000000e+00 0.000000000000000000e+00 0.000000000000000000e+00 -5.412846803665161133e-06 0.000000000000000000e+00 0.000000000000000000e+00 -1.101009547710418701e-04 0.000000000000000000e+00 1.754667609930038452e-04 0.000000000000000000e+00 0.000000000000000000e+00 9.961884468793869019e-03 0.000000000000000000e+00 0.000000000000000000e+00 0.000000000000000000e+00 0.000000000000000000e+00 0.000000000000000000e+00 -4.207715392112731934e-05 0.000000000000000000e+00
0.000000000000000000e+00 0.000000000000000000e+00 0.000000000000000000e+00 0.000000000000000000e+00 0.000000000000000000e+00 -2.625286579132080078e-04 0.000000000000000000e+00 1.251345425844192505e-01 0.000000000000000000e+00 0.000000000000000000e+00 0.000000000000000000e+00 -4.897788166999816895e-04 0.000000000000000000e+00 0.000000000000000000e+00 0.000000000000000000e+00 3.572899848222732544e-03 0.000000000000000000e+00 0.000000000000000000e+00 0.000000000000000000e+00 0.000000000000000000e+00 -2.221614122390747070e-04 0.000000000000000000e+00 -1.184269785881042480e-04 1.056935638189315796e-03 -1.117759485176311740e-01 1.221470162272453308e-02 0.000000000000000000e+00 0.000000000000000000e+00 0.000000000000000000e+00 0.000000000000000000e+00 0.000000000000000000e+00 0.000000000000000000e+00 0.000000000000000000e+00 0.000000000000000000e+00 0.000000000000000000e+00 0.000000000000000000e+00 0.000000000000000000e+00 0.000000000000000000e+00 0.000000000000000000e+00 -2.210407890379428864e-02 0.000000000000000000e+00 0.000000000000000000e+00 0.000000000000000000e+00 0.000000000000000000e+00 0.000000000000000000e+00 0.000000000000000000e+00 0.000000000000000000e+00 0.000000000000000000e+00 -4.516467452049255371e-04 0.000000000000000000e+00 0.000000000000000000e+00 0.000000000000000000e+00 0.000000000000000000e+00 -3.256792575120925903e-02 0.000000000000000000e+00
0.000000000000000000e+00 -4.003755748271942139e-04 0.000000000000000000e+00 0.000000000000000000e+00 0.000000000000000000e+00 -1.000817120075225830e-02 0.000000000000000000e+00 -4.410987719893455505e-03 0.000000000000000000e+00 -8.773840963840484619e-03 -1.112427562475204468e-03 -4.606880247592926025e-05 -7.201172411441802979e-05 0.000000000000000000e+00 0.000000000000000000e+00 3.271238878369331360e-03 0.000000000000000000e+00 -6.088353693485260010e-04 0.000000000000000000e+00 0.000000000000000000e+00 -1.167891919612884521e-02 0.000000000000000000e+00 2.460117265582084656e-02 8.150050044059753418e-02 1.221470162272453308e-02 -4.080615437700617354e-02 -1.572925597429275513e-03 0.000000000000000000e+00 0.000000000000000000e+00 0.000000000000000000e+00 0.000000000000000000e+00 0.000000000000000000e+00 0.000000000000000000e+00 -4.719894379377365112e-03 0.000000000000000000e+00 0.000000000000000000e+00 0.000000000000000000e+00 0.000000000000000000e+00 0.000000000000000000e+00 5.014985799789428711e-05 0.000000000000000000e+00 0.000000000000000000e+00 9.266030043363571167e-03 0.000000000000000000e+00 9.641468524932861328e-03 0.000000000000000000e+00 0.000000000000000000e+00 -5.209781229496002197e-04 0.000000000000000000e+00 0.000000000000000000e+00 0.000000000000000000e+00 0.000000000000000000e+00 0.000000000000000000e+00 4.116896912455558777e-02 -4.987325519323348999e-04
0.000000000000000000e+00 0.000000000000000000e+00 0.000000000000000000e+00 0.000000000000000000e+00 0.000000000000000000e+00 -2.614896185696125031e-02 0.000000000000000000e+00 0.000000000000000000e+00 0.000000000000000000e+00 7.217880338430404663e-03 0.000000000000000000e+00 0.000000000000000000e+00 -1.652002334594726562e-03 0.000000000000000000e+00 0.000000000000000000e+00 0.000000000000000000e+00 0.000000000000000000e+00 2.626126632094383240e-02 0.000000000000000000e+00 0.000000000000000000e+00 0.000000000000000000e+00 0.000000000000000000e+00 0.000000000000000000e+00 -5.325820297002792358e-03 0.000000000000000000e+00 -1.572925597429275513e-03 -7.388220789263116872e-02 0.000000000000000000e+00 0.000000000000000000e+00 0.000000000000000000e+00 0.000000000000000000e+00 0.000000000000000000e+00 0.000000000000000000e+00 -2.406736835837364197e-03 0.000000000000000000e+00 0.000000000000000000e+00 0.000000000000000000e+00 0.000000000000000000e+00 0.000000000000000000e+00 0.000000000000000000e+00 0.000000000000000000e+00 0.000000000000000000e+00 -2.207364886999130249e-04 0.000000000000000000e+00 0.000000000000000000e+00 0.000000000000000000e+00 -3.644935786724090576e-03 -1.564988866448402405e-03 0.000000000000000000e+00 0.000000000000000000e+00 0.000000000000000000e+00 0.000000000000000000e+00 0.000000000000000000e+00 0.000000000000000000e+00 4.133302718400955200e-04
-8.556748926639556885e-02 -2.314504235982894897e-04 -1.150108873844146729e-02 0.000000000000000000e+00 0.000000000000000000e+00 0.000000000000000000e+00 0.000000000000000000e+00 0.000000000000000000e+00 0.000000000000000000e+00 0.000000000000000000e+00 8.919462561607360840e-05 0.000000000000000000e+00 3.685001283884048462e-03 0.000000000000000000e+00 0.000000000000000000e+00 0.000000000000000000e+00 0.000000000000000000e+00 0.000000000000000000e+00 0.000000000000000000e+00 0.000000000000000000e+00 0.000000000000000000e+00 0.000000000000000000e+00 0.000000000000000000e+00 0.000000000000000000e+00 0.000000000000000000e+00 0.000000000000000000e+00 0.000000000000000000e+00 -2.287140320513117442e-02 0.000000000000000000e+00 -4.075053706765174866e-02 -2.032089978456497192e-04 0.000000000000000000e+00 -9.911477565765380859e-03 -2.103431150317192078e-03 0.000000000000000000e+00 0.000000000000000000e+00 0.000000000000000000e+00 -3.256034106016159058e-04 0.000000000000000000e+00 0.000000000000000000e+00 0.000000000000000000e+00 0.000000000000000000e+00 0.000000000000000000e+00 0.000000000000000000e+00 0.000000000000000000e+00 -2.950754016637802124e-03 -3.637382388114929199e-02 -3.497079014778137207e-04 0.000000000000000000e+00 0.000000000000000000e+00 0.000000000000000000e+00 0.000000000000000000e+00 0.000000000000000000e+00 0.000000000000000000e+00 0.000000000000000000e+00
